# beta: 0.05 gamma: 0.95 theta_i: 0.1 theta_e: 0.9 r_ini: 0.5 q_ini:0.5 avt_ini: 0 q_alp_min: 0.5 q_ga_decrease: 0.5
# umax: 100000 doPees: 0 epsilon: 0.8 prob_exploration_bias: 0.5 exploration bias method: 2 do_action_planning: 0 action_planning_frequency: 50
# do_ga: 1 theta_ga: 100 mu: 0.3 X.type: 2 chi: 0 theta_as: 20 theta_exp: 20 do_subsumption: 1
# max_steps: 30000 max_trial_steps: 50 anz_experiments: 20 reward_test: 0 model_test_iteration: 200 reward_test_iteration: 50
Next Experiment
0 0 0 0 0 nan
200 0 134 138 0 0.330616
400 0 232 255 0 0.367157
600 0 370 417 0 0.388489
800 0 450 541 1 0.395795
1000 1.9802 541 677 3 0.402696
1200 3.9604 617 807 6 0.40412
1400 6.93069 682 934 10 0.402168
1600 12.8713 736 1068 20 0.399228
1800 24.7525 749 1159 38 0.396247
2000 32.6733 777 1267 54 0.392463
2200 39.604 807 1367 66 0.391277
2400 45.5446 815 1455 83 0.38634
2600 57.4257 806 1527 103 0.382613
2800 63.3663 789 1589 122 0.377911
3000 70.297 787 1665 138 0.374324
3200 75.2475 765 1710 161 0.370614
3400 76.2376 755 1756 175 0.369305
3600 85.1485 733 1792 197 0.367815
3800 89.1089 720 1837 205 0.364317
4000 95.0495 707 1881 232 0.362374
4200 95.0495 675 1899 242 0.361243
4400 97.0297 668 1934 261 0.356903
4600 99.0099 645 1957 279 0.356157
4800 99.0099 620 1964 296 0.352979
5000 99.0099 620 1990 314 0.350377
5200 100 612 2011 335 0.348831
5400 100 582 1998 349 0.34741
5600 100 566 2013 357 0.344262
5800 100 559 2035 368 0.341523
6000 100 541 2033 375 0.340322
6200 100 523 2035 373 0.336118
6400 100 515 2037 376 0.333272
6600 100 501 2049 383 0.331259
6800 100 500 2042 383 0.329518
7000 100 496 2052 387 0.32846
7200 100 474 2046 379 0.326552
7400 100 477 2071 374 0.323696
7600 100 473 2073 371 0.320972
7800 100 467 2080 373 0.319892
8000 100 449 2061 369 0.318717
8200 100 449 2060 362 0.316383
8400 100 426 2053 352 0.313931
8600 100 430 2063 349 0.312409
8800 100 420 2060 340 0.311044
9000 100 417 2061 338 0.309437
9200 100 407 2056 332 0.307819
9400 100 403 2068 329 0.306395
9600 100 383 2062 320 0.304741
9800 100 385 2076 318 0.30407
10000 100 384 2091 312 0.302965
10200 100 374 2073 305 0.3024
10400 100 364 2061 302 0.302402
10600 100 358 2067 299 0.301705
10800 100 363 2065 298 0.300484
11000 100 358 2067 297 0.300435
11200 100 357 2072 295 0.299771
11400 100 362 2079 294 0.299303
11600 100 363 2094 294 0.298054
11800 100 358 2071 292 0.298225
12000 100 348 2064 293 0.297299
12200 100 355 2083 291 0.295907
12400 100 354 2079 290 0.294974
12600 100 348 2084 289 0.294506
12800 100 344 2070 288 0.294203
13000 100 345 2063 285 0.293565
13200 100 355 2062 282 0.292919
13400 100 338 2062 283 0.292313
13600 100 336 2081 278 0.290846
13800 100 337 2073 277 0.290521
14000 100 335 2053 277 0.290429
14200 100 336 2061 277 0.289544
14400 100 334 2054 273 0.288644
14600 100 333 2053 272 0.288967
14800 100 337 2060 271 0.287803
15000 100 333 2059 271 0.288307
15200 100 342 2072 270 0.287886
15400 100 335 2070 267 0.287319
15600 100 336 2067 267 0.28695
15800 100 326 2045 266 0.286491
16000 100 328 2055 267 0.2868
16200 100 321 2052 268 0.286245
16400 100 325 2060 267 0.285255
16600 100 334 2066 266 0.28485
16800 100 317 2063 266 0.285385
17000 100 320 2074 266 0.284414
17200 100 330 2075 266 0.284458
17400 100 320 2063 265 0.284234
17600 100 321 2074 264 0.284173
17800 100 313 2078 264 0.283987
18000 100 322 2070 263 0.283092
18200 100 316 2072 263 0.282879
18400 100 322 2069 262 0.282504
18600 100 318 2067 262 0.282535
18800 100 334 2074 262 0.282244
19000 100 326 2061 260 0.282084
19200 100 332 2058 258 0.28207
19400 100 329 2046 259 0.281647
19600 100 325 2057 259 0.282086
19800 100 315 2060 257 0.281432
20000 100 311 2064 259 0.280281
20200 100 313 2057 260 0.281539
20400 100 319 2068 260 0.280222
20600 100 315 2058 260 0.280309
20800 100 320 2068 259 0.280404
21000 100 319 2066 259 0.279949
21200 100 312 2060 259 0.280097
21400 100 314 2063 258 0.278963
21600 100 309 2067 258 0.279088
21800 100 315 2074 258 0.278689
22000 100 305 2071 257 0.279273
22200 100 309 2090 255 0.278529
22400 100 313 2078 253 0.277972
22600 100 310 2079 253 0.277838
22800 100 306 2067 253 0.27806
23000 100 308 2060 252 0.277063
23200 100 317 2071 249 0.276557
23400 100 306 2053 250 0.276729
23600 100 309 2062 250 0.276309
23800 100 308 2070 248 0.275664
24000 100 303 2061 247 0.27523
24200 100 301 2062 246 0.275461
24400 100 306 2064 246 0.275739
24600 100 303 2073 245 0.274723
24800 100 300 2050 243 0.274207
25000 100 298 2061 243 0.274199
25200 100 305 2058 243 0.273688
25400 100 292 2049 243 0.27489
25600 100 301 2065 243 0.27391
25800 100 301 2071 243 0.274143
26000 100 298 2070 243 0.27343
26200 100 299 2074 243 0.273987
26400 100 298 2072 244 0.274011
26600 100 301 2068 244 0.274541
26800 100 304 2057 244 0.273456
27000 100 306 2059 244 0.273191
27200 100 308 2063 244 0.274115
27400 100 294 2049 244 0.274646
27600 100 299 2063 245 0.273449
27800 100 304 2068 245 0.273271
28000 100 296 2070 244 0.27349
28200 100 295 2065 244 0.273184
28400 100 301 2070 244 0.272826
28600 100 297 2047 244 0.273327
28800 100 300 2059 244 0.273312
29000 100 306 2072 243 0.272683
29200 100 292 2070 244 0.273913
29400 100 297 2081 243 0.272525
29600 100 301 2086 243 0.272112
29800 100 292 2075 242 0.272169
30000 100 293 2064 242 0.271015
Next Experiment
0 0 0 0 0 nan
200 0 117 122 0 0.314549
400 0 223 246 0 0.346037
600 0 328 383 0 0.383159
800 0 418 516 0 0.38469
1000 1.9802 530 671 2 0.392511
1200 3.9604 608 796 5 0.395572
1400 9.90099 656 906 12 0.395833
1600 13.8614 691 1011 18 0.39503
1800 23.7624 743 1132 35 0.397416
2000 38.6139 764 1221 53 0.394554
2200 44.5545 798 1319 69 0.388457
2400 48.5149 804 1403 81 0.386493
2600 59.4059 813 1489 103 0.385578
2800 65.3465 805 1558 122 0.379814
3000 76.2376 787 1630 146 0.380061
3200 81.1881 787 1700 167 0.375956
3400 83.1683 764 1745 194 0.374069
3600 89.1089 741 1784 210 0.371427
3800 91.0891 717 1828 225 0.369598
4000 95.0495 717 1881 240 0.366826
4200 99.0099 687 1913 256 0.36069
4400 99.0099 664 1940 269 0.357152
4600 100 632 1943 286 0.355443
4800 100 618 1960 296 0.352105
5000 100 600 1978 305 0.348837
5200 100 576 1988 316 0.345951
5400 100 559 2007 335 0.342987
5600 100 534 2006 337 0.338983
5800 100 514 2016 340 0.336062
6000 100 507 2021 345 0.332323
6200 100 484 2028 352 0.331484
6400 100 474 2040 346 0.327574
6600 100 476 2052 347 0.324318
6800 100 472 2055 341 0.321594
7000 100 457 2049 342 0.320278
7200 100 444 2069 344 0.318693
7400 100 433 2062 342 0.317289
7600 100 417 2070 335 0.314915
7800 100 411 2066 331 0.312924
8000 100 404 2069 332 0.312349
8200 100 395 2068 325 0.311593
8400 100 394 2062 322 0.311106
8600 100 392 2058 315 0.309159
8800 100 384 2067 311 0.308358
9000 100 367 2056 309 0.307393
9200 100 383 2079 305 0.306397
9400 100 375 2068 301 0.305247
9600 100 365 2069 298 0.304193
9800 100 373 2080 298 0.303185
10000 100 366 2064 294 0.302992
10200 100 370 2064 293 0.302326
10400 100 369 2074 292 0.30141
10600 100 367 2074 291 0.301892
10800 100 364 2065 289 0.300545
11000 100 360 2067 288 0.300919
11200 100 351 2075 282 0.299217
11400 100 350 2064 280 0.298813
11600 100 345 2057 277 0.297946
11800 100 349 2076 276 0.296965
12000 100 336 2072 274 0.29597
12200 100 338 2077 273 0.296341
12400 100 335 2072 270 0.295186
12600 100 339 2079 268 0.294974
12800 100 330 2086 266 0.295242
13000 100 327 2077 262 0.294295
13200 100 326 2066 260 0.294591
13400 100 322 2065 261 0.292676
13600 100 323 2065 261 0.292918
13800 100 316 2057 260 0.291687
14000 100 323 2066 259 0.291445
14200 100 317 2075 256 0.290783
14400 100 315 2060 254 0.29017
14600 100 315 2071 253 0.289353
14800 100 315 2061 252 0.289059
15000 100 307 2054 251 0.290044
15200 100 309 2045 251 0.288631
15400 100 320 2060 250 0.286893
15600 100 320 2053 250 0.287141
15800 100 318 2045 250 0.286797
16000 100 305 2056 249 0.287269
16200 100 308 2062 250 0.28813
16400 100 323 2085 250 0.286871
16600 100 307 2070 250 0.287138
16800 100 310 2076 246 0.286007
17000 100 317 2075 245 0.284157
17200 100 293 2064 245 0.283975
17400 100 302 2079 246 0.282708
17600 100 300 2072 244 0.283
17800 100 296 2082 244 0.282601
18000 100 289 2090 242 0.281758
18200 100 292 2086 243 0.280381
18400 100 301 2075 243 0.28
18600 100 300 2065 242 0.279722
18800 100 304 2076 242 0.278721
19000 100 303 2074 242 0.279291
19200 100 301 2083 242 0.278505
19400 100 305 2079 241 0.277417
19600 100 299 2072 242 0.277691
19800 100 312 2075 243 0.276386
20000 100 307 2070 241 0.276329
20200 100 299 2058 241 0.276543
20400 100 295 2056 239 0.275717
20600 100 295 2068 238 0.275508
20800 100 290 2069 238 0.274287
21000 100 303 2081 238 0.273847
21200 100 297 2061 238 0.274685
21400 100 291 2057 238 0.274003
21600 100 296 2057 239 0.274064
21800 100 293 2071 238 0.273539
22000 100 284 2063 237 0.27357
22200 100 283 2073 237 0.273215
22400 100 282 2088 236 0.27245
22600 100 291 2084 235 0.271173
22800 100 288 2077 235 0.270944
23000 100 287 2070 234 0.269988
23200 100 283 2064 233 0.270531
23400 100 275 2073 231 0.27026
23600 100 275 2086 232 0.269595
23800 100 282 2080 231 0.269952
24000 100 285 2073 231 0.268934
24200 100 277 2069 231 0.269091
24400 100 273 2076 229 0.269027
24600 100 272 2060 228 0.268811
24800 100 286 2078 228 0.267926
25000 100 283 2067 228 0.268021
25200 100 273 2064 227 0.267563
25400 100 282 2066 226 0.267243
25600 100 277 2076 223 0.26704
25800 100 271 2073 224 0.266582
26000 100 273 2065 224 0.266768
26200 100 266 2072 224 0.266108
26400 100 265 2088 224 0.265984
26600 100 269 2084 223 0.265175
26800 100 266 2072 222 0.265806
27000 100 269 2082 223 0.26525
27200 100 273 2079 222 0.265633
27400 100 264 2064 222 0.264656
27600 100 264 2084 222 0.264995
27800 100 266 2074 220 0.264947
28000 100 267 2079 219 0.26449
28200 100 277 2083 219 0.264222
28400 100 265 2072 219 0.264237
28600 100 275 2064 219 0.263324
28800 100 274 2060 220 0.263167
29000 100 270 2068 220 0.263479
29200 100 273 2080 220 0.263401
29400 100 266 2076 220 0.263186
29600 100 272 2082 220 0.262908
29800 100 270 2076 220 0.262885
30000 100 261 2090 220 0.263098
Next Experiment
0 0 0 0 0 nan
200 0 132 137 0 0.321168
400 0 235 257 0 0.361381
600 0 325 384 0 0.374674
800 0 431 543 0 0.374079
1000 1.9802 503 667 2 0.382121
1200 6.93069 587 810 8 0.384877
1400 9.90099 650 936 12 0.387553
1600 12.8713 697 1039 18 0.391482
1800 22.7723 750 1177 33 0.396559
2000 33.6634 762 1273 51 0.39238
2200 41.5842 769 1364 67 0.39232
2400 50.495 781 1447 84 0.38718
2600 58.4158 780 1521 103 0.386999
2800 63.3663 781 1600 114 0.385469
3000 68.3168 772 1663 129 0.380262
3200 74.2574 755 1713 152 0.378795
3400 80.198 750 1774 173 0.375211
3600 84.1584 733 1816 190 0.371077
3800 90.099 716 1861 212 0.369358
4000 94.0594 682 1886 229 0.36645
4200 97.0297 659 1908 249 0.365238
4400 97.0297 652 1938 272 0.361971
4600 98.0198 632 1961 286 0.357726
4800 99.0099 612 1960 299 0.35574
5000 99.0099 609 1983 308 0.351299
5200 100 578 1989 329 0.350239
5400 100 560 2015 352 0.345285
5600 100 550 2046 361 0.342375
5800 100 528 2029 361 0.338529
6000 100 503 2026 366 0.335945
6200 100 508 2037 370 0.335358
6400 100 494 2048 374 0.334167
6600 100 480 2052 368 0.330653
6800 100 466 2056 363 0.327456
7000 100 450 2060 354 0.323908
7200 100 435 2055 350 0.320316
7400 100 434 2071 348 0.318143
7600 100 419 2083 343 0.316371
7800 100 419 2076 340 0.31545
8000 100 395 2065 333 0.314891
8200 100 391 2073 327 0.313495
8400 100 387 2072 320 0.310931
8600 100 392 2072 321 0.310811
8800 100 378 2069 314 0.308482
9000 100 378 2057 309 0.307122
9200 100 390 2062 308 0.306256
9400 100 374 2059 305 0.30476
9600 100 366 2043 301 0.304271
9800 100 362 2045 301 0.302628
10000 100 364 2053 295 0.300658
10200 100 373 2064 293 0.300388
10400 100 357 2048 292 0.299866
10600 100 352 2044 285 0.298434
10800 100 345 2065 283 0.298123
11000 100 345 2074 281 0.297252
11200 100 341 2063 279 0.296534
11400 100 340 2061 278 0.295973
11600 100 336 2067 278 0.295839
11800 100 336 2078 277 0.295416
12000 100 340 2083 278 0.295187
12200 100 347 2078 277 0.295055
12400 100 347 2060 273 0.294721
12600 100 331 2063 271 0.295322
12800 100 330 2056 271 0.294686
13000 100 334 2071 269 0.294242
13200 100 335 2070 268 0.294565
13400 100 325 2072 264 0.293436
13600 100 311 2057 264 0.29272
13800 100 335 2082 264 0.291547
14000 100 335 2070 263 0.291606
14200 100 324 2055 262 0.29191
14400 100 316 2053 260 0.291403
14600 100 326 2070 260 0.291002
14800 100 320 2072 256 0.289756
15000 100 315 2072 255 0.28861
15200 100 312 2088 252 0.287536
15400 100 315 2082 252 0.287284
15600 100 312 2073 252 0.286722
15800 100 308 2070 252 0.287379
16000 100 310 2065 249 0.285593
16200 100 306 2055 249 0.285401
16400 100 312 2075 249 0.284819
16600 100 300 2075 249 0.28512
16800 100 300 2072 249 0.284447
17000 100 297 2074 248 0.284716
17200 100 289 2066 247 0.284063
17400 100 302 2075 246 0.283494
17600 100 298 2077 245 0.28274
17800 100 303 2068 245 0.283124
18000 100 300 2065 244 0.282264
18200 100 303 2062 243 0.281402
18400 100 309 2071 243 0.280601
18600 100 308 2065 242 0.28063
18800 100 315 2066 243 0.280252
19000 100 303 2069 243 0.280087
19200 100 297 2079 242 0.280123
19400 100 295 2084 242 0.28017
19600 100 296 2081 241 0.279613
19800 100 294 2086 241 0.278583
20000 100 293 2067 240 0.278483
20200 100 299 2066 239 0.278437
20400 100 286 2063 237 0.278478
20600 100 300 2078 236 0.278032
20800 100 290 2043 235 0.277839
21000 100 295 2066 234 0.278558
21200 100 302 2075 234 0.277892
21400 100 293 2056 234 0.276751
21600 100 292 2046 236 0.277432
21800 100 300 2064 236 0.276647
22000 100 301 2066 238 0.276561
22200 100 304 2062 238 0.276128
22400 100 303 2055 237 0.276277
22600 100 305 2072 236 0.275157
